VOTER_REGISTRATION_TOPIC=0.0.5759157
HEX_ENCODED_PRIVATE_KEY=a61eb54ebe655d8bc3271eee2d22c55d7a6de39ecedc2a24ebc2db9d46b3a76f
MY_PRIVATE_KEY=3030020100300706052b8104000a04220420a61eb54ebe655d8bc3271eee2d22c55d7a6de39ecedc2a24ebc2db9d46b3a76f
MY_PUBLIC_KEY=302d300706052b8104000a032200030a9d73b39d5ef8b9293ecefbf7e4e55400089a1bb6d5b2763de78091b80c44a7
MY_ACCOUNT_ID=0.0.5641387